image_width: 1280
image_height: 720
camera_name: narrow_stereo
camera_matrix:
  rows: 3
  cols: 3
  data: [475.397831, 3.014289, 642.666048, 0, 482.486511, 358.608358, 0, 0, 1]
distortion_model: ""
distortion_coefficients:
  rows: 1
  cols: 4
  data: [-0.05996899999999999, -0.563829, 2.970425, -1.644286]
rectification_matrix:
  rows: 3
  cols: 3
  data: [1, 0, 0, 0, 1, 0, 0, 0, 1]
projection_matrix:
  rows: 3
  cols: 4
  data: [475.397831, 3.014289, 642.666048, 0, 0, 482.486511, 358.608358, 0, 0, 0, 1, 0]